





Hight<-c(34,45,67,89)
Median<-c(56,76,89,65)
Low<-c(76,87,99,67)

Hight
Median
Low

data1<-data.frame(Hight,Median,Low)
data1
